0.0164962
0.000537019
0.000539855
0.000679737
0.00053291
0.000765883
0.000551992
0.0004382
0.000449953
0.00056907
0.000450035
0.000502892
0.000469808
0.000591563
0.000446909
0.000519929
0.000442954
0.000573052
0.000513813
0.000525313
0.000136987
0.000132415
0.000132192
0.000114161
0.00011903
0.000112889
0.000111996
0.000111333
0.000110225
0.000111442
0.000109155
0.000111126
0.000132755
0.000189294
0.000110928
0.000111291
0.000112698
0.000110791
0.000110417
0.00012158
0.0011334
0.000578035
0.00053419
0.00108193
0.000550015
0.000575908
0.00411219
0.00147833
0.0015564
0.000708254
0.000547793
0.000485185
0.000811414
0.00108835
0.000495686
0.000496365
0.000524662
0.00050969
0.000503393
0.000488768
