0.0139796
0.00142748
0.00122383
0.0012287
0.00122126
0.00129286
0.00173091
0.00118507
0.00115444
0.00111872
0.00110432
0.00124931
0.00255892
0.00106977
0.00111159
0.00108507
0.00125439
0.00103725
0.00167434
0.00107628
0.000432928
0.000456147
0.000429711
0.000381643
0.000367801
0.000415005
0.000352229
0.000402433
0.000390284
0.000348624
0.000350449
0.000397947
0.00044736
0.000691722
0.000427768
0.000348286
0.000408747
0.000355579
0.000810094
0.000403623
0.00175689
0.0011636
0.00109166
0.00125291
0.00113117
0.00109095
0.00130196
0.00104485
0.0011841
0.00111156
0.00118197
0.00104762
0.00149492
0.00121354
0.00112899
0.00111726
0.0010955
0.00124038
0.00135689
0.00115374
