0.0135837
0.000240367
0.000182318
0.000183341
0.000188567
0.000159365
0.000193414
0.000157007
0.000155951
0.000156982
0.000157434
0.000154985
0.000150978
0.000153531
0.000214524
0.000159628
0.000157435
0.000205901
0.000186245
0.000161647
6.9779e-05
7.3967e-05
0.000152196
6.6183e-05
5.3744e-05
7.1274e-05
5.3468e-05
5.2236e-05
5.4107e-05
5.1436e-05
9.4705e-05
0.000125761
5.6203e-05
5.3075e-05
5.3198e-05
5.2322e-05
8.6358e-05
5.2496e-05
5.2176e-05
8.6011e-05
0.000656248
0.000205992
0.00018458
0.000191583
0.00124843
0.000195659
0.000159243
0.000276799
0.00214262
0.000213024
0.000231419
0.000160006
0.000262858
0.000154325
0.00019619
0.000152392
0.000152755
0.000210691
0.000173581
0.000180081
