0.0272505
0.0170331
0.0168814
0.0168981
0.0166499
0.01723
0.0176957
0.0166283
0.0170617
0.0170782
0.0174351
0.0168718
0.0167702
0.016658
0.0165012
0.0171224
0.018948
0.0167936
0.0171198
0.0164926
0.0158283
0.01694
0.0142056
0.0134278
0.0132306
0.0133183
0.0145923
0.0130591
0.013508
0.0131186
0.0133891
0.0139649
0.0133757
0.0131685
0.0133366
0.0133251
0.0131395
0.0138832
0.0130677
0.0134299
0.0243136
0.0187965
0.0181666
0.0179681
0.0172447
0.0173518
0.0167846
0.0212471
0.018397
0.0172452
0.0183062
0.0181384
0.0172718
0.0196698
0.0181036
0.0179594
0.0225151
0.0183638
0.0173345
0.0184206
