0.000408982
0.000306496
0.000294421
0.000330581
0.000299052
0.000339685
0.000367521
0.000257476
0.000260179
0.000252409
0.00024921
0.000248106
0.00035405
0.000266173
0.000247546
0.000244196
0.000248029
0.000249365
0.000294684
0.000245139
0.000103946
0.00010474
8.2113e-05
7.0411e-05
6.9626e-05
7.1027e-05
6.4478e-05
6.5223e-05
6.7317e-05
6.6079e-05
0.000105369
6.5315e-05
6.6177e-05
0.00124837
0.000144399
0.000117012
7.6472e-05
6.6796e-05
6.4723e-05
6.5713e-05
0.000770258
0.000263103
0.000270817
0.000277031
0.000545402
0.000856443
0.00040004
0.000357646
0.000315328
0.000443466
0.000255168
0.00025922
0.000269126
0.000358557
0.000246536
0.000307796
0.00031673
0.000288376
0.00037069
0.000309168
