0.0167061
0.0041038
0.00484222
0.00356658
0.00429476
0.00385337
0.0054172
0.00359867
0.00348475
0.00364679
0.00398389
0.00347967
0.00358963
0.00348388
0.00362181
0.00387085
0.00357904
0.00382339
0.00410269
0.00433954
0.0023196
0.00235226
0.00199111
0.00207548
0.00195421
0.0027201
0.00292375
0.00204959
0.00222668
0.00277
0.00197079
0.00203996
0.00198049
0.00251349
0.00197238
0.0021399
0.00201253
0.00193871
0.00196681
0.00198411
0.00453019
0.00433103
0.00414067
0.00359893
0.0039402
0.00364914
0.00398879
0.00375167
0.00393418
0.00357637
0.00494504
0.00356581
0.0040509
0.00379941
0.00407031
0.00436036
0.00370109
0.00377475
0.00392847
0.00369458
