0.134817
0.114693
0.116749
0.11361
0.115868
0.112898
0.118605
0.122539
0.219246
0.116314
0.137072
0.122022
0.122411
0.115921
0.145739
0.113429
0.114964
0.123238
0.113161
0.11472
0.112287
0.102743
0.103081
0.101617
0.10898
0.10607
0.10482
0.103606
0.102316
0.101556
0.105944
0.103453
0.101882
0.106647
0.103568
0.108099
0.108952
0.102316
0.101192
0.10693
0.132526
0.119864
0.118741
0.123251
0.125298
0.134321
0.117936
0.121365
0.130819
0.116848
0.115214
0.116268
0.121933
0.124947
0.116199
0.118169
0.122183
0.118733
0.127019
0.118637
