1.22769
1.26354
1.21029
1.25075
1.20534
1.36897
1.27432
1.54977
1.50604
1.26019
1.28071
1.45964
1.23833
1.2396
1.24992
1.42209
1.29346
1.24312
1.22156
1.39441
0.981938
1.02558
0.988057
0.981185
0.985664
0.984711
0.983192
0.991727
0.993354
0.994411
0.985792
0.959308
0.973887
0.979773
0.983848
0.968818
0.966076
0.965038
0.971702
0.970083
1.37258
1.25011
1.18825
1.16223
1.23233
1.00836
1.02762
1.00017
0.991825
0.984149
0.979024
0.98191
0.974449
0.979104
0.97774
0.983034
0.976384
0.988719
0.998127
1.09091
